0 0 0 0 51 0 0 0 0 0 0 0 0 0 0 0
0 0 75 0 53 23 78 0 0 0 0 0 0 0 0 0
0 0 68 69 54 22 52 45 0 61 0 0 0 0 0 0
0 80 74 0 43 10 42 49 28 48 0 0 0 0 0 0
0 73 76 0 15 16 9 50 11 60 62 63 0 0 0 0
0 71 70 46 44 14 47 7 27 2 65 0 0 0 0 0
0 79 77 82 81 17 12 0 5 24 64 66 67 38 0 0
0 86 59 0 88 0 26 4 1 3 56 55 37 41 57 58
93 85 89 83 91 92 0 19 6 18 8 21 20 0 0 0
0 0 87 0 84 0 31 32 25 13 29 30 0 0 0 0
0 0 90 0 0 33 0 0 72 35 0 0 0 0 0 0
0 0 0 0 34 0 0 0 36 0 39 0 0 0 0 0
0 0 0 0 0 0 0 0 0 0 0 40 0 0 0 0

